1426355645
1142110895
741292507
1436002627
1435602536
480079300
887314963
1039727169
461703208
1340641916
1134496215
1138236198
406596432
1410120498
510909506
458318329
336141475
1012871328
393765873
414478124
1381206010
444934666
1239287963
387682726
1375390276
414245413
590338362
415606289
1044283059
382201985
440948110
629774477
423084029
547166701
333206289
379395415
876336838
472208016
1444539780
997362197
370139302
600273928
391965015
921478733
586871187
597364850
515651240
414603431
488033535
424598114
288113403
919854496
452176796
416048305
473225145
423514795
529092160
453691481
350962117
564818797
930368978
910513149
1032287195
861891048
385919493
736536022
452186370
591584458
399608199
432274380
1149994032
1113268900
405882753
583700738
1096562466
1447245351
1339537083
1347663353
1125855154
1393912676
384399758
1020114152
955253735
1442076597
575846819
1087897068
417200582
952059546
907002334
477927812
733689509
737310995
592331499
507161324
415443644
965789238
399363156
389481236
1178856715
1255135442
599852710
1063183999
1407163092
990531994
554499054
392899425
917670924
1446242809
1061534032
448165862
509885060
539988420
895682747
875177200
787130974
1114767733
634896669
1444008840
566813949
586447913
493489515
1092031003
871095743
351091731
518966501
1358107315
594402673
951610982
899247664
863882795
1232131998
416457422
1393951223
860384719
803781859
439638720
1086047750
1079718756
395096736
398453262
952694580
481623196
1440574083
1388750151
1002355194
1446695803
586683407
1390240947
513836029
390860325
1101577537
507097717
1262209120
549421060
585027354
408709785
587238847
1114690993
796339836
535886823
911130812
1158753204
1195860596
691828408
957323480
620262310
725208930
587366035
1236629993
1151880430
460979760
1085016815
1326090707
1319788668
1165227346
672984826
388627783
389801252
388932995
401626263
1359808991
1048918751
1116038378
1270594280
494776019
490655927
651323845
1037589370
434209233
576337924
920728033
458587755
796870199
342576766
1190199403
1286964732
863837323
1203189645
714802729
527572895
1287089022
644873678
1097492828
942443472
966129812
1160172628
940562664
1373695174
1441519650
1442060301
426340811
1202750238
1016820238
1447498143
1247890676
413993350
504274740
1216109746
1296749505
943708006
915249334
1139101653
1281873118
911699257
1060362098
997586276
906995758
337876534
1063631937
372353614
1057446665
1444995468
1044166783
717545062
1330927814
724295527
913947918
557545298
595594905
588673713
586449534
667831823
1313697128
1438817313
1094212040
1194313045
387109554
954995415
738897668
1438377151
1436704594
897003024
353115739
1448990296
1390903834
1439306909
1133056767
906611031
1102305688
1448960410
944094492
906936224
917236063
1375540197
688037240
544007664
1073826118
1432603400
987570993
519952689
523063187
556808349
427941017
1449711204
1278795670
1288486566
480161784
445573854
455611831
522700349
986217056
1053800662
487967179
1451953437
1024958046
1121886234
988396858
1439398028
896914152
331259725
487608658
928864273
548608066
1424178757
1448993311
1447346559
1196559922
1034208598
605670941
1315541695
1329385145
1263974711
1121139634
1211656839
1197745409
463150061
475966832
1423061888
517644732
333903271
588013838
1138302879
1362548649
454685734
414706506
1012867463
881419775
445375097
938688461
685872176
1281434850
1336411132
460310138
1069361548
506685538
1447222299
1326101904
284882215
499819758
1111160472
768082524
1017574755
406170251
1054598922
439438619
578186621
694133630
1446002407
1192163634
531059691
935095138
1261766158
1317213409
1435478035
921626073
983488107
1287034762
1265741262
515199321
447313708
1244627368
1059274584
1001153553
443908613
1020547107
582934943
1400133654
299853944
1251842119
1442762154
1214783848
1424785938
1449233264
917629382
609377731
1208322173
457856023
1371929169
1126393139
1002314698
647268330
513829338
571195405
974428942
1263789061
1111759476
1329597476
1135820611
1442846675
559977766
364183992
331975235
1378864748
421997825
385285922
500975133
471855847
1241204798
1451467053
637428894
1149186410
461317017
947269781
884007229
1441513936
590217303
1278238911
668533031
1361963529
419261235
730904222
1308838222
1444595166
433592972
1440253728
1156439976
731368203
878075397
570608623
384922950
1031178502
1088733917
555615190
438426078
1089854728
919502358
1434024920
641895599
803837129
627781309
441216572
1436454785
524690790
906632439
1450914463
919503025
1413026407
1221883544
569387346
1025313530
899100726
1315895992
794862904
587176822
422844108
1276104080
575826903
1190750607
1336486149
303191318
1450236766
1116025300
1100980858
367003839
395898626
597795676
1277660521
1347534835
765577833
978985106
411654863
1437215395
401857578
1230394683
962767976
1340675420
895374634
1069297969
419275564
1413084169
415854096
1400607221
963152777
1233676299
1059098960
796332505
1207542399
1358566958
561859697
1016323413
847334708
1130498044
1030178866
1322331084
1234173582
1057866090
1052654880
899529698
1214635417
892311054
430814532
451400917
361964929
639234809
1359055423
505884327
1434276525
1271680206
1276437206
1075740545
1344830981
1071038870
534174796
327313778
1350661187
1197733186
982906456
899008001
1026689855
951937596
495369748
1219138359
896405406
1442750343
1447771740
1256874211
1015319897
598116103
1372626629
1410049631
486744917
564713751
1373569133
525635672
1212220023
977883304
1448831879
1065178761
964074019
498818574
1222466418
956441499
998790080
891640660
1250285750
625077646
1136585962
992055304
1150346397
1076275012
978599335
1052761459
462125072
1181738336
388089858
635206028
1433879555
975977198
1441191698
1050915215
1242689729
840756414
1215210046
979116729
593469119
1076798292
1445999412
1289531471
492083651
1216088977
1058747457
553115181
580097761
1257627631
413971331
1374329842
1266136303
1380506650
1204726898
584660358
1098542282
1340376323
523091708
494514224
1365537478
1313126219
609358564
1342550801
1439008646
1073064739
1436930241
1295459388
1259010187
1336435685
1413676670
973032624
1098628542
1328122918
447733826
987381870
1422485939
1290045795
1100596591
995158649
1212182562
738227542
1032660607
1410554544
1217374522
952710115
979857479
1426252715
1449457301
847521617
1347070561
1245488989
302584613
1253454307
966807283
460033035
1436460659
1229469444
1423108765
1017666776
1390445738
717804271
1273087524
1027275974
1325481372
746925035
425349261
377194688
1208353224
410395246
1386613630
1398764822
859962702
930380089
1444049305
1171313731
1102671381
1317168086
1356054761
1446829613
979843190
834465911
1061504496
1414851001
1042182109
992762663
1441491837
985919623
1234829323
1262351972
1116013197
944665061
1450543176
1447079937
488202082
880576601
1286983622
1116626256
1340182693
423525686
963627758
1309411684
1447939973
921340116
1447868087
1441753631
929567933
1444838071
475666808
1382495419
664392967
1009442510
1147452377
1447097214
916139408
443354861
1447322603
919857495
1067251466
533415763
988424260
595277934
1018747351
415424368
1168490851
1420423432
588287777
1447643476
446745748
1441510676
973366293
960158896
527809600
1403716972
518611020
672662544
1450136379
1434669109
1006637877
1281878317
1148546419
1282277563
1085941322
1030675668
538248967
1077639257
1387725518
912139104
1195487469
1442188463
1415653267
1211689158
991016529
1063270170
477537958
976048109
1250736956
1147017306
1434386491
888237539
956403465
1382598559
802041071
1382653850
933128780
1318540954
453480684
888483369
953939112
760661078
1436676508
1204634317
1350301428
1403211152
1424051588
1004322269
1057093244
1139698614
1447601554
467309800
1155901497
913817574
1113334130
443926246
927759827
1437869733
1175213887
1121090056
1326713123
415206413
334876990
1228058501
1139733348
1120482509
1229593919
1303470988
1037975096
467067151
789634484
1153242305
1287016336
1328748549
1274938524
1380156450
1031121586
999773808
1334582767
1044535426
991522182
961159303
1374818169
1246175190
563467866
1097445594
1180877789
434212566
1022751201
1252877377
1440445025
1297275093
1366020940
945598289
1079313757
1434650571
1439539349
1304913651
976039116
1114459949
547951480
1447087811
375380948
978646727
878783582
1243387705
889835515
1441656298
1163980954
1030220577
1418908423
806114204
1391068141
1058251762
745097904
1265702413
1419433041
1080930585
1356038660
977946724
923920872
1316314058
1157468974
1179305935
1441756302
915299335
994788581
1127750481
515667501
1314380670
1440594401
1313654492
689941435
1245545428
787786130
1233010717
693228373
641522896
749046891
440676901
1207254643
805451002
1445401547
310633997
1160664597
481587094
1004816017
1017261655
554936514
1398138359
705795925
555257605
787540905
1440703067
1372740262
898632558
952685843
1137896285
1102665570
1321807665
1329607835
1406111200
1316836240
805408963
1448873117
1101000245
1321790973
1106329353
1288723196
431620005
1319811972
1152954857
733144873
1386554810
910260096
1377083962
1254299999
897342825
1228038936
1445602257
1055596148
1102320385
1152363753
1403269918
1074632701
1172713884
878691772
1171321498
1266194141
1445111714
1013727678
932289286
1384567076
967181200
966769021
518213356
1142151719
348737611
951308995
1241833105
1215148253
1056487123
1448223117
996866372
878962716
1432301611
1184130794
1407704049
1077550649
1120924048
1447225069
570118289
576309271
468591734
1188202309
1234931178
527588389
450748070
1246135464
1324387488
1206296954
432486451
821470084
865960661
1398130731
915646377
694164275
830302503
1142582676
1330533368
386592716
1398120225
465617429
1222273161
962223967
1390442505
1276506223
1446529397
1007030042
455447012
1281426968
983337376
1315547046
456933691
796440356
1397731566
1436257639
494216511
598541783
1450074631
1370819508
1448620938
1112129114
874837944
1444380764
1249949350
433126583
531323947
415872960
1396362214
1309415987
1073503648
577723645
1222465398
1246076174
1039328791
1175878538
1048881232
1406683706
717009129
1449935461
982725967
999242702
1422389415
1225122654
1371836010
1128289794
1447374023
1422157210
1110653667
881599819
573185985
785946884
540679302
1229566596
435057236
435921465
615187629
1441531415
1054861613
1026768962
1436929011
1034388318
1419390376
1056015676
1369708325
1382571863
611129419
1113392290
469346844
1103556579
1381319326
1384094747
992421775
1301961579
1354795557
1165224034
1273147030
666188756
1386631857
1029982187
1077776989
838848566
1397366231
608188610
1279725474
1328120782
1407674824
958907096
1367792339
1223932558
1449365556
1325419855
1445272111
427424432
911261462
931409652
1407731945
1332698015
1185191347
1194338569
956052053
1273977633
1204082699
1195791018
1257358149
1419937553
991258183
1207701288
1091932804
869802614
898243566
474286241
1296236287
458270120
465885800
1448456585
687624831
914847333
1276088391
1437628723
1326687686
1313664617
985888622
1335918174
1319745694
1198450147
1439165287
1127249355
905883377
1436261842
385907472
1188222587
1437733193
446332125
1111154738
1436721523
1360141190
1282304398
1098549780
1209901936
1437610296
1254875992
1296796112
626144601
1449326311
1357550712
1078506545
1061859052
1330602531
1406646837
818237113
1246090490
1313650272
1447603738
1190500400
1098102973
710380093
1331853626
1138236968
615961912
1268483731
1011687876
1419636719
386756967
1410049546
1159233677
496856027
785058601
863725496
1404150598
531212368
368677368
1052455390
987050294
1316851742
1274910157
897856006
1445834289
420858151
1084747109
1440140912
544599560
1273580577
1147598150
1326705989
636344719
1445837137
908623207
886601996
625009752
1244505010
1441091455
989804926
1138670825
1332586407
1395152179
1031158715
958880753
1367069452
1062816186
436957087
1451041896
546505307
1116903233
1154042584
910447989
961227503
623158699
1055593695
1441199529
1419435835
518566498
1121520457
426912243
346703830
1046510029
1139108606
1078501077
931720936
1449344394
1435483727
859938926
1414146189
1369869942
1425740176
1197978826
915736364
551941458
858401906
1413590963
1294152536
1415624204
1055916992
1039749242
905759618
973337925
1403650040
1313658481
1282270796
1101673632
605841731
1392803612
1374272129
1307413070
494520120
455004730
1228553052
681583243
948600146
1354833114
1406224118
1445987056
725215315
422689480
582204969
434831001
878550740
1245063594
1374074090
498919604
1433620195
1216507718
305343404
988173374
377298193
464660903
1374132157
513192980